20
1e-10
    1.0000000000000000e+00    5.0000000000000000e-01    3.3333333333333331e-01    2.5000000000000000e-01    2.0000000000000001e-01    1.6666666666666666e-01    1.4285714285714285e-01    1.2500000000000000e-01    1.1111111111111110e-01    1.0000000000000001e-01    9.0909090909090912e-02    8.3333333333333329e-02    7.6923076923076927e-02    7.1428571428571425e-02    6.6666666666666666e-02    6.2500000000000000e-02    5.8823529411764705e-02    5.5555555555555552e-02    5.2631578947368418e-02    5.0000000000000003e-02
    5.0000000000000000e-01    3.3333333333333331e-01    2.5000000000000000e-01    2.0000000000000001e-01    1.6666666666666666e-01    1.4285714285714285e-01    1.2500000000000000e-01    1.1111111111111110e-01    1.0000000000000001e-01    9.0909090909090912e-02    8.3333333333333329e-02    7.6923076923076927e-02    7.1428571428571425e-02    6.6666666666666666e-02    6.2500000000000000e-02    5.8823529411764705e-02    5.5555555555555552e-02    5.2631578947368418e-02    5.0000000000000003e-02    4.7619047619047616e-02
    3.3333333333333331e-01    2.5000000000000000e-01    2.0000000000000001e-01    1.6666666666666666e-01    1.4285714285714285e-01    1.2500000000000000e-01    1.1111111111111110e-01    1.0000000000000001e-01    9.0909090909090912e-02    8.3333333333333329e-02    7.6923076923076927e-02    7.1428571428571425e-02    6.6666666666666666e-02    6.2500000000000000e-02    5.8823529411764705e-02    5.5555555555555552e-02    5.2631578947368418e-02    5.0000000000000003e-02    4.7619047619047616e-02    4.5454545454545456e-02
    2.5000000000000000e-01    2.0000000000000001e-01    1.6666666666666666e-01    1.4285714285714285e-01    1.2500000000000000e-01    1.1111111111111110e-01    1.0000000000000001e-01    9.0909090909090912e-02    8.3333333333333329e-02    7.6923076923076927e-02    7.1428571428571425e-02    6.6666666666666666e-02    6.2500000000000000e-02    5.8823529411764705e-02    5.5555555555555552e-02    5.2631578947368418e-02    5.0000000000000003e-02    4.7619047619047616e-02    4.5454545454545456e-02    4.3478260869565216e-02
    2.0000000000000001e-01    1.6666666666666666e-01    1.4285714285714285e-01    1.2500000000000000e-01    1.1111111111111110e-01    1.0000000000000001e-01    9.0909090909090912e-02    8.3333333333333329e-02    7.6923076923076927e-02    7.1428571428571425e-02    6.6666666666666666e-02    6.2500000000000000e-02    5.8823529411764705e-02    5.5555555555555552e-02    5.2631578947368418e-02    5.0000000000000003e-02    4.7619047619047616e-02    4.5454545454545456e-02    4.3478260869565216e-02    4.1666666666666664e-02
    1.6666666666666666e-01    1.4285714285714285e-01    1.2500000000000000e-01    1.1111111111111110e-01    1.0000000000000001e-01    9.0909090909090912e-02    8.3333333333333329e-02    7.6923076923076927e-02    7.1428571428571425e-02    6.6666666666666666e-02    6.2500000000000000e-02    5.8823529411764705e-02    5.5555555555555552e-02    5.2631578947368418e-02    5.0000000000000003e-02    4.7619047619047616e-02    4.5454545454545456e-02    4.3478260869565216e-02    4.1666666666666664e-02    4.0000000000000001e-02
    1.4285714285714285e-01    1.2500000000000000e-01    1.1111111111111110e-01    1.0000000000000001e-01    9.0909090909090912e-02    8.3333333333333329e-02    7.6923076923076927e-02    7.1428571428571425e-02    6.6666666666666666e-02    6.2500000000000000e-02    5.8823529411764705e-02    5.5555555555555552e-02    5.2631578947368418e-02    5.0000000000000003e-02    4.7619047619047616e-02    4.5454545454545456e-02    4.3478260869565216e-02    4.1666666666666664e-02    4.0000000000000001e-02    3.8461538461538464e-02
    1.2500000000000000e-01    1.1111111111111110e-01    1.0000000000000001e-01    9.0909090909090912e-02    8.3333333333333329e-02    7.6923076923076927e-02    7.1428571428571425e-02    6.6666666666666666e-02    6.2500000000000000e-02    5.8823529411764705e-02    5.5555555555555552e-02    5.2631578947368418e-02    5.0000000000000003e-02    4.7619047619047616e-02    4.5454545454545456e-02    4.3478260869565216e-02    4.1666666666666664e-02    4.0000000000000001e-02    3.8461538461538464e-02    3.7037037037037035e-02
    1.1111111111111110e-01    1.0000000000000001e-01    9.0909090909090912e-02    8.3333333333333329e-02    7.6923076923076927e-02    7.1428571428571425e-02    6.6666666666666666e-02    6.2500000000000000e-02    5.8823529411764705e-02    5.5555555555555552e-02    5.2631578947368418e-02    5.0000000000000003e-02    4.7619047619047616e-02    4.5454545454545456e-02    4.3478260869565216e-02    4.1666666666666664e-02    4.0000000000000001e-02    3.8461538461538464e-02    3.7037037037037035e-02    3.5714285714285712e-02
    1.0000000000000001e-01    9.0909090909090912e-02    8.3333333333333329e-02    7.6923076923076927e-02    7.1428571428571425e-02    6.6666666666666666e-02    6.2500000000000000e-02    5.8823529411764705e-02    5.5555555555555552e-02    5.2631578947368418e-02    5.0000000000000003e-02    4.7619047619047616e-02    4.5454545454545456e-02    4.3478260869565216e-02    4.1666666666666664e-02    4.0000000000000001e-02    3.8461538461538464e-02    3.7037037037037035e-02    3.5714285714285712e-02    3.4482758620689655e-02
    9.0909090909090912e-02    8.3333333333333329e-02    7.6923076923076927e-02    7.1428571428571425e-02    6.6666666666666666e-02    6.2500000000000000e-02    5.8823529411764705e-02    5.5555555555555552e-02    5.2631578947368418e-02    5.0000000000000003e-02    4.7619047619047616e-02    4.5454545454545456e-02    4.3478260869565216e-02    4.1666666666666664e-02    4.0000000000000001e-02    3.8461538461538464e-02    3.7037037037037035e-02    3.5714285714285712e-02    3.4482758620689655e-02    3.3333333333333333e-02
    8.3333333333333329e-02    7.6923076923076927e-02    7.1428571428571425e-02    6.6666666666666666e-02    6.2500000000000000e-02    5.8823529411764705e-02    5.5555555555555552e-02    5.2631578947368418e-02    5.0000000000000003e-02    4.7619047619047616e-02    4.5454545454545456e-02    4.3478260869565216e-02    4.1666666666666664e-02    4.0000000000000001e-02    3.8461538461538464e-02    3.7037037037037035e-02    3.5714285714285712e-02    3.4482758620689655e-02    3.3333333333333333e-02    3.2258064516129031e-02
    7.6923076923076927e-02    7.1428571428571425e-02    6.6666666666666666e-02    6.2500000000000000e-02    5.8823529411764705e-02    5.5555555555555552e-02    5.2631578947368418e-02    5.0000000000000003e-02    4.7619047619047616e-02    4.5454545454545456e-02    4.3478260869565216e-02    4.1666666666666664e-02    4.0000000000000001e-02    3.8461538461538464e-02    3.7037037037037035e-02    3.5714285714285712e-02    3.4482758620689655e-02    3.3333333333333333e-02    3.2258064516129031e-02    3.1250000000000000e-02
    7.1428571428571425e-02    6.6666666666666666e-02    6.2500000000000000e-02    5.8823529411764705e-02    5.5555555555555552e-02    5.2631578947368418e-02    5.0000000000000003e-02    4.7619047619047616e-02    4.5454545454545456e-02    4.3478260869565216e-02    4.1666666666666664e-02    4.0000000000000001e-02    3.8461538461538464e-02    3.7037037037037035e-02    3.5714285714285712e-02    3.4482758620689655e-02    3.3333333333333333e-02    3.2258064516129031e-02    3.1250000000000000e-02    3.0303030303030304e-02
    6.6666666666666666e-02    6.2500000000000000e-02    5.8823529411764705e-02    5.5555555555555552e-02    5.2631578947368418e-02    5.0000000000000003e-02    4.7619047619047616e-02    4.5454545454545456e-02    4.3478260869565216e-02    4.1666666666666664e-02    4.0000000000000001e-02    3.8461538461538464e-02    3.7037037037037035e-02    3.5714285714285712e-02    3.4482758620689655e-02    3.3333333333333333e-02    3.2258064516129031e-02    3.1250000000000000e-02    3.0303030303030304e-02    2.9411764705882353e-02
    6.2500000000000000e-02    5.8823529411764705e-02    5.5555555555555552e-02    5.2631578947368418e-02    5.0000000000000003e-02    4.7619047619047616e-02    4.5454545454545456e-02    4.3478260869565216e-02    4.1666666666666664e-02    4.0000000000000001e-02    3.8461538461538464e-02    3.7037037037037035e-02    3.5714285714285712e-02    3.4482758620689655e-02    3.3333333333333333e-02    3.2258064516129031e-02    3.1250000000000000e-02    3.0303030303030304e-02    2.9411764705882353e-02    2.8571428571428571e-02
    5.8823529411764705e-02    5.5555555555555552e-02    5.2631578947368418e-02    5.0000000000000003e-02    4.7619047619047616e-02    4.5454545454545456e-02    4.3478260869565216e-02    4.1666666666666664e-02    4.0000000000000001e-02    3.8461538461538464e-02    3.7037037037037035e-02    3.5714285714285712e-02    3.4482758620689655e-02    3.3333333333333333e-02    3.2258064516129031e-02    3.1250000000000000e-02    3.0303030303030304e-02    2.9411764705882353e-02    2.8571428571428571e-02    2.7777777777777776e-02
    5.5555555555555552e-02    5.2631578947368418e-02    5.0000000000000003e-02    4.7619047619047616e-02    4.5454545454545456e-02    4.3478260869565216e-02    4.1666666666666664e-02    4.0000000000000001e-02    3.8461538461538464e-02    3.7037037037037035e-02    3.5714285714285712e-02    3.4482758620689655e-02    3.3333333333333333e-02    3.2258064516129031e-02    3.1250000000000000e-02    3.0303030303030304e-02    2.9411764705882353e-02    2.8571428571428571e-02    2.7777777777777776e-02    2.7027027027027029e-02
    5.2631578947368418e-02    5.0000000000000003e-02    4.7619047619047616e-02    4.5454545454545456e-02    4.3478260869565216e-02    4.1666666666666664e-02    4.0000000000000001e-02    3.8461538461538464e-02    3.7037037037037035e-02    3.5714285714285712e-02    3.4482758620689655e-02    3.3333333333333333e-02    3.2258064516129031e-02    3.1250000000000000e-02    3.0303030303030304e-02    2.9411764705882353e-02    2.8571428571428571e-02    2.7777777777777776e-02    2.7027027027027029e-02    2.6315789473684209e-02
    5.0000000000000003e-02    4.7619047619047616e-02    4.5454545454545456e-02    4.3478260869565216e-02    4.1666666666666664e-02    4.0000000000000001e-02    3.8461538461538464e-02    3.7037037037037035e-02    3.5714285714285712e-02    3.4482758620689655e-02    3.3333333333333333e-02    3.2258064516129031e-02    3.1250000000000000e-02    3.0303030303030304e-02    2.9411764705882353e-02    2.8571428571428571e-02    2.7777777777777776e-02    2.7027027027027029e-02    2.6315789473684209e-02    2.5641025641025640e-02
    3.5977396571436819e+00
    2.6453587047627298e+00
    2.1908132502172744e+00
    1.9009581777535067e+00
    1.6926248444201735e+00
    1.5326248444201738e+00
    1.4044197162150456e+00
    1.2985996103949398e+00
    1.2093138961092256e+00
    1.1326855436188039e+00
    1.0660188769521370e+00
    1.0073678505591752e+00
    9.5528451722584162e-01
    9.0866447060579503e-01
    8.6664766388310599e-01
    8.2855242578786792e-01
    7.9383020356564571e-01
    7.6203370118090819e-01
    7.3279393509903679e-01
    7.0580338179269408e-01
